167.11786356522137 165.05991483593363 165.05991483593363 141.36266586257392 128.97050435147517 128.63365105317914 128.63365105317914 121.20594689162382 121.20594689162382 121.20594689162382 121.20594689162382 121.20594689162382 120.8690935933278 120.8690935933278 119.64295361664725 119.64295361664725 119.64295361664725 119.64295361664725 115.42619390145539 115.42619390145539 115.42619390145539 115.42619390145539 115.42619390145539 115.42619390145539 115.42619390145539 114.39214502989226 114.39214502989226 114.39214502989226 114.39214502989226 114.39214502989226 113.58365958767853 110.28703603063755 110.28703603063755 110.28703603063755 110.28703603063755 110.28703603063755 110.28703603063755 110.28703603063755 110.28703603063755 108.69872482291153 108.69872482291153 108.69872482291153 108.69872482291153 108.69872482291153 108.69872482291153 108.69872482291153 108.69872482291153 108.69872482291153 108.69872482291153 108.69872482291153 108.69872482291153 108.69872482291153 108.69872482291153 108.69872482291153 108.69872482291153 108.69872482291153 108.69872482291153 108.69872482291153 108.69872482291153 108.69872482291153 108.69872482291153 108.69872482291153 108.69872482291153 108.69872482291153 106.27035732904652 106.27035732904652 106.27035732904652 106.27035732904652 106.27035732904652 106.27035732904652 106.27035732904652 106.27035732904652 106.27035732904652 106.27035732904652 106.27035732904652 106.27035732904652 106.27035732904652 106.27035732904652 106.27035732904652 106.27035732904652 106.27035732904652 106.27035732904652 106.27035732904652 106.27035732904652 106.27035732904652 106.27035732904652 106.27035732904652 106.27035732904652 106.27035732904652 106.27035732904652 106.27035732904652 106.27035732904652 106.27035732904652 106.27035732904652 106.27035732904652 106.27035732904652 106.27035732904652 106.27035732904652 106.27035732904652 106.27035732904652 106.27035732904652 106.27035732904652 106.27035732904652 106.27035732904652 106.27035732904652 106.27035732904652 106.27035732904652 106.27035732904652 106.27035732904652 106.27035732904652 106.27035732904652 106.27035732904652 106.27035732904652 106.27035732904652 106.27035732904652
0.03491101676944491 0.03862887073149713 0.03300938930726943 0.03468722776722359 0.03583879107769369 0.03344268945669048 0.028687849359814454 0.03109511304013744 0.030316652032516957 0.03895135847094255 0.03597423704612264 0.03548718559176077 0.038422200310863554 0.03660310774734271 0.03203195928796669 0.03983104045886088 0.045539236683510606 0.03396239368850788 0.03411175685718171 0.034380374831379186 0.04144278945471194 0.03573323981152514 0.031019599038163124 0.03595668220076652 0.04050703580542149 0.035127885822682586 0.042932127109301735 0.031368190240700054
0.04438816469812738 0.04438816469812738 0.0396552200853833 0.04494159141730826 0.03303022106423719 0.03862089264929773 0.032823190446447034 0.03359380832943932 0.03367867723690209 0.031101238971957174 0.035252987135986666 0.033198957819092705 0.03240661598408266 0.03120185617891832 0.03001293636757945 0.03628614615643086 0.03351135968757233 0.03733278075355569 0.03001293636757945 0.03030243130451285 0.03394691897342649 0.035022169635492054 0.035521110792926316 0.03745102201242203 0.0386663086434952 0.03960631047278449 0.03801601770281832 0.036029964414097136
0.04248973759175332 0.04248973759175332 0.03404767183783302 0.03344470150373633 0.03138774043301166 0.04185489370609259 0.03063862595818291 0.03122820935701301 0.03722346011683464 0.03133421858463594 0.040585996475702865 0.03657041951692348 0.033126732816176965 0.030560179526069778 0.0331114842794113 0.034306502724533464 0.028545460575582337 0.037008667797167966 0.04184114119351172 0.03686310920788911 0.039269607044662425 0.02997463755410511 0.04248973759175332 0.04196650387143597 0.031294867798492866 0.032871518758705066 0.0358172713596798 0.037657165227349666
0.039200456512688185 0.039200456512688185 0.038614758140735436 0.030548207005579215 0.04073780070474761 0.03470526432465108 0.030548207005579215 0.03871772816787362 0.03908190102036946 0.03871772816787362 0.03434186022944433 0.028194407789521213 0.03871772816787362 0.039200456512688185 0.03730833826810008 0.04577180243476924 0.04350380987451788 0.038759299671584924 0.03536069451849667 0.03864454159410255 0.03713744537187837 0.027756906151397517 0.029711634224835377 0.026844999380206968 0.026700471716213803 0.03533642941786927 0.02887706009312205 0.037759607020592396
0.044617784878689004 0.044617784878689004 0.027483558754927 0.026027288413894727 0.03233558630016199 0.0327609430291313 0.044617784878689004 0.0382121184395596 0.028411438385584745 0.03971070247595545 0.0382121184395596 0.037782084226636516 0.02735456182194895 0.0396751261884339 0.029778013014607328 0.03767021947712184 0.029778013014607328 0.028962532251755796 0.03636770506033148 0.0323748991240527 0.03134386840262315 0.03568163315922645 0.0370830907387186 0.028802486311405032 0.04890489532510054 0.044617784878689004 0.03768293713141244 0.03913304099848727
0.04553655748718961 0.04553655748718961 0.04154472292749569 0.04272585446904716 0.0307206132445048 0.029697193407641508 0.04553655748718961 0.04081774622378596 0.02871179710609429 0.03335836270725427 0.035580248489709386 0.02737756875838638 0.03270695091078339 0.03262587751554033 0.035075672964268466 0.04154472292749569 0.032752821658380483 0.042347381915094164 0.02696773004194033 0.03183886682236893 0.0456558041964062 0.04101861455488676 0.03010846408424002 0.036437742259343035 0.03534102406725014 0.034813694775534997 0.0261670554285249 0.027453796082453814
0.04185551254137087 0.04185551254137087 0.03803864315275528 0.03584641562182919 0.03808662889912362 0.03808662889912362 0.030524625615280607 0.03862568728154148 0.032144873316558055 0.03073474778667421 0.03194164119138323 0.0349609826152016 0.037604312664081006 0.03261862457793149 0.03094621259218412 0.03596883631029567 0.02680719788933542 0.03916944557316016 0.029984494154284416 0.029188667531818393 0.036236207097850956 0.0376710534917308 0.04174619167360867 0.03916944557316016 0.04174619167360867 0.03882247626646703 0.034060600437219105 0.03555814303105122
0.04112308107609251 0.04112308107609251 0.038535598889628854 0.0402144097752853 0.031382692999360105 0.03848401771256632 0.03040468344924732 0.037703839536421604 0.03662098651952272 0.03568300609318231 0.036042877812486565 0.03242170518389493 0.03814312003711786 0.03521913760933509 0.03568300609318231 0.03708003635185884 0.03566481258944547 0.03128108538182166 0.02652674118809057 0.04364317260854832 0.039465781816150375 0.03040468344924732 0.029311786182949925 0.024902364984855416 0.03594415248273741 0.04101567321903067 0.034851384805755024 0.04112308107609251
0.0445691052046246 0.0445691052046246 0.03859643212083969 0.03706358546210876 0.037171960328891744 0.037545359875680376 0.04188586084549289 0.036706742836115705 0.0393004937911423 0.04199554746530235 0.031049748548697152 0.03204850752804703 0.03712209181943238 0.028661643604343964 0.023279343408117208 0.03646612108770505 0.03204850752804703 0.03642147647375371 0.034367682843008555 0.032310504803274 0.029933664397887395 0.04199554746530235 0.0331095633723774 0.0342602011274521 0.02716790425153757 0.029405387502828534 0.04199554746530235 0.038952363638063134
0.04369714401636181 0.04369714401636181 0.030227904522323764 0.03951458724613556 0.03609358099843829 0.025727944115660848 0.0357670801368157 0.03527568272444243 0.038190289795037774 0.038531609042209015 0.028317122645751282 0.028824956760385812 0.03164280494936478 0.0306869167440264 0.028298149714570623 0.042510706065892946 0.0387768892705856 0.03784132181157327 0.04083849767399035 0.03989892680972642 0.041173936008184926 0.035988602883480644 0.03784132181157327 0.03644471874417456 0.02880768734784783 0.02647675700850729 0.03784132181157327 0.04106639532500368
0.04421509867033776 0.04421509867033776 0.038289865742443606 0.041661982361282095 0.038289865742443606 0.02586528437560007 0.03214070929184345 0.03873706013501704 0.03687670834238083 0.02916662715649012 0.03873706013501704 0.034156331189699324 0.02779075322823353 0.03138208610806383 0.03687670834238083 0.03687670834238083 0.027209851645259655 0.03476506247166294 0.029149153044702406 0.026032904741621895 0.034968403286959555 0.04155316696785149 0.03826055858364178 0.040371860116809495 0.028652773539916875 0.043014597534003274 0.040371860116809495 0.040371860116809495
0.041423506918258794 0.041423506918258794 0.0344579444244284 0.027210210589369687 0.03965616099405924 0.03111961480379118 0.03587237315259839 0.03587237315259839 0.038713600831587765 0.035564174313063565 0.03474590790310983 0.038713600831587765 0.04029880136242362 0.04029880136242362 0.02549191366225212 0.04029880136242362 0.030111453637931038 0.03629133320406605 0.041423506918258794 0.041423506918258794 0.04029880136242362 0.04029880136242362 0.041423506918258794 0.027325144987399255 0.026787949392681934 0.026179523894773474 0.03315912446395872 0.03411605435733119
0.03967886242108682 0.03967886242108682 0.02980894198150499 0.034361527184277096 0.0330066703147166 0.03798595225983072 0.023446792277812226 0.034680120625132684 0.03753787696067077 0.03238420199153273 0.033093352290571657 0.03329735672530129 0.029723710071793884 0.036379733386402734 0.03428902768631349 0.03810981666279053 0.039789444500275294 0.034131985822962625 0.03967886242108682 0.03967886242108682 0.03967886242108682 0.03860152637847994 0.026256446986258362 0.03860152637847994 0.03967886242108682 0.03967886242108682 0.03967886242108682 0.0370830901461979
0.0403057643248537 0.0403057643248537 0.04019374729927567 0.03910243141946531 0.03158557450129418 0.030321892891364166 0.04019374729927567 0.036851807771863095 0.03235118018922323 0.03730779887860198 0.028023225446141182 0.027684932414747794 0.03334934345837401 0.03403130778057822 0.03775755856369111 0.0351301403231308 0.03627452319743171 0.03523776922722174 0.03344587301506591 0.038024979766221254 0.03249714292209812 0.0384788694255153 0.03525891009289632 0.033298348343486106 0.04019374729927567 0.038024979766221254 0.03457489275855714 0.04019374729927567
0.0396221659226544 0.0396221659226544 0.03951204874095694 0.024816002154134348 0.03466090792108463 0.03843924192068755 0.03951204874095694 0.03951204874095694 0.03951204874095694 0.03667504691048562 0.03194598118754964 0.03667504691048562 0.035444158428836435 0.035471251926306124 0.03319633715636953 0.02669639169042915 0.0396221659226544 0.03951204874095694 0.033488518930390385 0.03492655764786727 0.03379750463400865 0.035742893165079885 0.03466090792108463 0.03179668375358987 0.04002822679069433 0.029372761181302817 0.03951204874095694 0.03622678955590863
0.04147523035711477 0.04147523035711477 0.03836103766097609 0.04105449055944576 0.031586026742526564 0.03800083443426489 0.031208825017088073 0.04105449055944576 0.03672544985159865 0.02784673859200029 0.03790305843580492 0.03411653415479637 0.028545067283210847 0.020479319013852672 0.03753637276481433 0.04094039268793474 0.02623862302950175 0.036076948495938954 0.036706429972095285 0.034637382345785346 0.026541523859921038 0.03623107923160652 0.04105449055944576 0.037341085712950785 0.04105449055944576 0.03800083443426489 0.036753522767608925 0.04105449055944576
0.04313827692482674 0.04313827692482674 0.039422870398142545 0.042581993685788404 0.031871208853269654 0.036099431995753314 0.0355906109425122 0.029619933693866802 0.03183455594821416 0.04270066657887171 0.04270066657887171 0.020449520658165153 0.039422870398142545 0.03827362918754719 0.03817826031161216 0.03952456695442084 0.026670913189630212 0.03346233741187763 0.035484516551514494 0.04270066657887171 0.030337776676276653 0.029425424331077272 0.03142728867543319 0.03438198719172254 0.024264075110059274 0.04023206878371474 0.03883836406185593 0.03822724140313449
0.04213411054566637 0.04213411054566637 0.035941234096480236 0.03738270135318886 0.03046942645508792 0.03197194485512495 0.03268340611020134 0.031129315604973663 0.03597360760288009 0.025975348597196805 0.04170668682810511 0.02762755526093815 0.04213411054566637 0.030695728934856833 0.040638776024954505 0.037699395216288754 0.03860451997721623 0.03465851326529414 0.03929555268440287 0.03860451997721623 0.04159077638493513 0.03860451997721623 0.03476213800687486 0.03358164841957329 0.03691903615234612 0.027347480995458504 0.031129315604973663 0.03860451997721623
0.04160689889645807 0.04160689889645807 0.038121473049667495 0.0315718893761515 0.03432716966717898 0.038121473049667495 0.03238197311434882 0.03432716966717898 0.03549151207654939 0.0315718893761515 0.03316145119653644 0.041184823405313084 0.03722767384686307 0.043126885731425806 0.03315626584400825 0.04198243294428324 0.0296264306382483 0.0315718893761515 0.030884896333464737 0.03657634473910629 0.03227444832720914 0.04160689889645807 0.038454296134332745 0.026716554105309626 0.03432716966717898 0.034224841551306034 0.03316145119653644 0.04160689889645807
0.042294944800818565 0.042294944800818565 0.04080427933326579 0.04117256912637783 0.034806861629737576 0.036509531901317165 0.03774046539958233 0.04039034590642557 0.030962850569310762 0.03252174888321522 0.03841340468223167 0.02968538686731828 0.03263750014979391 0.036579731250045364 0.03615895551581417 0.0359890997143202 0.036579731250045364 0.03549332628764072 0.03252174888321522 0.03587076728401335 0.03587076728401335 0.04080427933326579 0.034724215806663995 0.03252174888321522 0.029989224106492313 0.029431964473004175 0.033664980014629704 0.033564625863407874
0.043050098309516165 0.043050098309516165 0.03841430112630075 0.03841430112630075 0.030215403495912327 0.03841430112630075 0.034826196154522975 0.03273906272016063 0.03309723111123929 0.03738856646768801 0.040072091679434256 0.0347069961493321 0.031260317683323297 0.03020454804022504 0.040058823097361765 0.0315495130042057 0.033944040730366214 0.033102407231247084 0.03227864283173108 0.029957456380945432 0.03075072903602479 0.038215933184882526 0.043050098309516165 0.03322022517448193 0.0359239654774647 0.037232842692341235 0.038734768796455564 0.0361270405532033
0.04267453202309444 0.04267453202309444 0.03807917723608883 0.032453449244476164 0.029696109459906094 0.030482461655407266 0.039709352503335835 0.03364791510408782 0.04075283979976397 0.03501378441743607 0.03293041406851946 0.03690802576945407 0.04267453202309444 0.030482461655407266 0.037973738442752966 0.032808492997567155 0.029903295052908254 0.03588387827577798 0.03764939651777141 0.03576523699025141 0.030987604684150096 0.029941045507455986 0.04267453202309444 0.03581187057699503 0.032153605167144855 0.029734911725399535 0.03936231687341586 0.04117048818214891
0.043084800541828 0.043084800541828 0.028075163631738696 0.03162604190512027 0.04114463336904756 0.036228862154655705 0.043084800541828 0.043084800541828 0.03578977947991238 0.03535040330432682 0.03154108008102569 0.03254402052336807 0.043084800541828 0.03610908026413205 0.04156629697960419 0.034734973094577626 0.028859706800915593 0.027587727925828812 0.03615616218133531 0.03726285569596901 0.03019078222581902 0.03615616218133531 0.0285996398710187 0.029981604772043837 0.040091114094127175 0.036777770623476466 0.03019078222581902 0.03801135390566261
0.04162284176822774 0.04162284176822774 0.04162284176822774 0.03047082425592289 0.032851345573487185 0.03501697910851749 0.034999539929219545 0.02507388691009379 0.0383922543302029 0.035998447873975395 0.03492930682037339 0.036721547949966994 0.04162284176822774 0.029166344874320998 0.025573794620928562 0.03546034656930779 0.04162284176822774 0.03421885248479931 0.04162284176822774 0.04162284176822774 0.035998447873975395 0.039748508587593656 0.027328335288226743 0.029166344874320998 0.039748508587593656 0.03492930682037339 0.035998447873975395 0.03684873641523032
0.04304128218808351 0.04304128218808351 0.03621030220801524 0.03339646143229676 0.04277513498494366 0.04250939463078682 0.026445308973105857 0.028259641603063254 0.025928365200504944 0.03666877892854172 0.04062975884980243 0.039828997582230824 0.035585412453529405 0.030160287640159964 0.02864541645712663 0.04304128218808351 0.03441425122617997 0.0341500524542073 0.040321792036658796 0.031509221609750726 0.0379729600515709 0.03722521787206559 0.03397086731752278 0.04304128218808351 0.03724039384350111 0.03808732287591535 0.031483590231139245 0.02441594078504667
0.0416207033054171 0.0416207033054171 0.03928877237134112 0.035996598376469964 0.03096378338538554 0.027879003247934575 0.03899097001262526 0.0416207033054171 0.03851444025478314 0.03148826324366374 0.027285926014787153 0.0416207033054171 0.036397626560799416 0.03497613754933709 0.03633517043410199 0.04110637071380538 0.0416207033054171 0.041996934044646474 0.024983179481531972 0.03365514290722513 0.03928877237134112 0.027879003247934575 0.03899097001262526 0.0416207033054171 0.027230199730042724 0.0330229288906851 0.027285926014787153 0.03671966130164352
0.04081015977905893 0.04081015977905893 0.034231757324254944 0.03486763084440094 0.034439163802076615 0.037889140061131976 0.02709118184245514 0.03092489906941446 0.04044456079115611 0.03426994273419533 0.04044456079115611 0.04044456079115611 0.04044456079115611 0.04044456079115611 0.02831324292370641 0.03409372475123915 0.03771869940913978 0.029027531302578662 0.035682015338546445 0.04044456079115611 0.03745016158019163 0.0341635849657422 0.037889140061131976 0.026514864137445103 0.03092489906941446 0.03764679319209374 0.03689192794724013 0.035682015338546445
0.04144011102486071 0.04144011102486071 0.031402260069727635 0.034690938767509664 0.0358534148063212 0.030506902615749187 0.0410688686006386 0.034690938767509664 0.0410688686006386 0.034798938289121825 0.027332121013558752 0.03876785594319833 0.028445251980708963 0.03356164607111602 0.031402260069727635 0.03419793710408176 0.031402260069727635 0.04014860828044182 0.029830813703926057 0.02879872938809234 0.03515465801214453 0.0410688686006386 0.03623280784063241 0.0410688686006386 0.038227914275671834 0.03830093044698549 0.0410688686006386 0.038028247431132735
0.03816633434607604 0.03816633434607604 0.03816633434607604 0.035207901753041414 0.03816633434607604 0.03782442014420991 0.0369768605649176 0.035024008627322384 0.03782442014420991 0.03782442014420991 0.03782442014420991 0.03782442014420991 0.03570518792579879 0.03782442014420991 0.029073706521154628 0.02473128374183074 0.03782442014420991 0.0369768605649176 0.0369768605649176 0.03195034798496839 0.03816633434607604 0.03816633434607604 0.035207901753041414 0.035024008627322384 0.03530545453585075 0.03142623452628048 0.03814968570033894 0.028494749522371257
0.03821113098882488 0.03821113098882488 0.03821113098882488 0.037868815474948726 0.03821113098882488 0.035249226020194396 0.027715600318546744 0.03819446280221628 0.03534689330279093 0.037868815474948726 0.02855768291567863 0.03096475282237682 0.03574709586836642 0.03821113098882488 0.037020261096854475 0.034033738142241865 0.03523755437469652 0.03574709586836642 0.03315511886659839 0.03601471334031846 0.03596806638970827 0.037400847265436 0.035249226020194396 0.03821113098882488 0.03821113098882488 0.037868815474948726 0.029912453973358732 0.037400847265436
0.03886839881470789 0.03886839881470789 0.028903191386298113 0.035843673852292326 0.035843673852292326 0.035843673852292326 0.03852019514814562 0.03886839881470789 0.02548882731514385 0.03149737604602651 0.03149737604602651 0.03149737604602651 0.03886839881470789 0.03886839881470789 0.03804417743997402 0.03636197994468189 0.03461915083473624 0.028192335026287832 0.03852019514814562 0.03852019514814562 0.03914506303487763 0.03639178017602902 0.03886839881470789 0.03886839881470789 0.03765704482701591 0.03852019514814562 0.03658675136933092 0.03042697665513031
0.03878169577221051 0.03878169577221051 0.036965741433537314 0.03351148692349027 0.036053970487630635 0.039940931313087215 0.035510952005860866 0.035510952005860866 0.031128843530518115 0.034905701509902874 0.03341394692954489 0.03850759971038737 0.037691029238259066 0.036053970487630635 0.03563929996034065 0.03888386853096928 0.03850759971038737 0.037691029238259066 0.02603259279531671 0.036771212534748854 0.03878169577221051 0.030931154970314075 0.03381980658759056 0.034905701509902874 0.03120499906595002 0.03850759971038737 0.036053970487630635 0.035510952005860866
0.03942527984380677 0.03942527984380677 0.03720442479598778 0.0350994552048052 0.034971575194147335 0.03053182288208714 0.03613634654722795 0.038010453056157543 0.038010453056157543 0.03720442479598778 0.03533594263256243 0.038010453056157543 0.035052493127327666 0.034455056628120956 0.03558850104953446 0.034455056628120956 0.038010453056157543 0.03838186411394327 0.03498741482849677 0.03266292188581426 0.03558850104953446 0.038010453056157543 0.03298099419299387 0.03557597888435702 0.025696502867446496 0.03629648324959185 0.038010453056157543 0.03488096141735356
0.04070361304262635 0.04070361304262635 0.033652467926314496 0.03648168233961703 0.0355722343102942 0.03924291162680971 0.03924291162680971 0.0355722343102942 0.03889045151197775 0.033614620074877775 0.029269010258634456 0.03478629794502432 0.02672678902721739 0.03405037657845848 0.03924291162680971 0.03674242976146958 0.03612185379997222 0.03648168233961703 0.03612185379997222 0.03924291162680971 0.037308038711706716 0.03648168233961703 0.03623752699596414 0.03648168233961703 0.03190537169693236 0.0361055005781346 0.031495547917154254 0.031521792844641065
0.0422490713497375 0.0422490713497375 0.03761341436661176 0.03786683994147677 0.02539277616946851 0.03185889320745241 0.04073290917826462 0.034930204280014816 0.03247122641405957 0.04013563642782547 0.03872457188994448 0.03786683994147677 0.027741567201362862 0.04073290917826462 0.028450668835177457 0.031036638279749167 0.03786683994147677 0.03872457188994448 0.030739387114939343 0.031578251420489215 0.04073290917826462 0.03534322095785872 0.028648855230239436 0.04036706665406715 0.03271863049528821 0.03786683994147677 0.03749334922385412 0.03786683994147677
0.04118745771713162 0.04118745771713162 0.039709392913933494 0.04118745771713162 0.03759347180323529 0.0299669830980787 0.036915340838152066 0.039709392913933494 0.04118745771713162 0.03655123500935213 0.0377515201252115 0.0377515201252115 0.03644002348751447 0.03961908501540741 0.0377515201252115 0.0377515201252115 0.029776424899816713 0.02739615058863977 0.03666828321497292 0.0377515201252115 0.031655305601428214 0.031655305601428214 0.03363548184145855 0.027176204834563948 0.03361926137971163 0.03583658871672973 0.02850376311655921 0.03406487363050012
0.04041290846763096 0.04041290846763096 0.03586387207864518 0.03704158527608073 0.03516266504108461 0.03443334681934495 0.02666514369543147 0.03622113072842347 0.02921646541609813 0.03586387207864518 0.04041290846763096 0.04041290846763096 0.03622113072842347 0.03704158527608073 0.031060012894490827 0.04041290846763096 0.03575475194106743 0.03575475194106743 0.03516266504108461 0.03143159571401955 0.03478044784629715 0.031060012894490827 0.03298703557327174 0.04041290846763096 0.03896263935874086 0.03597871913845984 0.03139920838793849 0.03945991132502749
0.04184947662648359 0.04184947662648359 0.027613016487481785 0.03213881329838263 0.03998527206514763 0.03129856961184046 0.03835831213338335 0.037025735399418426 0.03254890281456778 0.03725766401697587 0.03415963429868783 0.040347654424718035 0.03835831213338335 0.04184947662648359 0.03242027256121399 0.037141216303722496 0.03617471304828793 0.03873211968887066 0.02755608221235846 0.024466442180173045 0.03282452790497222 0.03749254121097272 0.036412601432544336 0.029865975628808043 0.035657357946458475 0.03725766401697587 0.04184947662648359 0.03750869267472014
0.041915536738210815 0.041915536738210815 0.03571364369337149 0.03995841169431475 0.03499287263990314 0.028785821770616737 0.03783641179236792 0.03705526827558474 0.03731647587428113 0.03879325899957018 0.03647007934416511 0.027599579957526457 0.03275479699273911 0.037643530261995184 0.040887558686784564 0.033519043427740855 0.03258809947904218 0.041915536738210815 0.03981878629416177 0.03751805511715861 0.041915536738210815 0.03755172382592965 0.034213555863310326 0.02991311958008109 0.027599579957526457 0.041915536738210815 0.02718898847290595 0.024703654307868455
0.04199106689003024 0.04199106689003024 0.04035364287623754 0.03763559666753478 0.0247481693231961 0.026568039003963595 0.035777998277377716 0.03427520734793231 0.026533411645391903 0.028703688519161122 0.02764931331719602 0.04199106689003024 0.03761939055818142 0.027237981962837887 0.03504966145284564 0.029009771650448192 0.03712204041442301 0.04199106689003024 0.042604642461173924 0.032247549259064034 0.03989053818398839 0.040961236462508314 0.036475642966464626 0.04012055512400686 0.035777998277377716 0.035777998277377716 0.04199106689003024 0.03790459152115987
0.04139839630891638 0.04139839630891638 0.04080219262799536 0.03173436586371679 0.04080219262799536 0.026715879465364665 0.027891013847301357 0.04080219262799536 0.04080219262799536 0.03980151932793456 0.033372336569323695 0.03405731609273721 0.04139839630891638 0.0347650318431002 0.03641159033828222 0.026716383484281778 0.03031440179225745 0.030954489226083882 0.031215978667798544 0.026683225276716734 0.03884878550422563 0.04080219262799536 0.0407600606246237 0.03584804097331326 0.04080219262799536 0.03683141580522797 0.03330478875988876 0.0347650318431002
0.03965689511054498 0.03965689511054498 0.039085771855857133 0.037214538467069 0.039085771855857133 0.03904541221424108 0.037683128748269915 0.03141327965009837 0.02580931020122685 0.023151349711826835 0.02493360692016811 0.03965689511054498 0.0255925086967938 0.03965689511054498 0.035102173326773005 0.034797198747478275 0.03125613522321722 0.03141327965009837 0.03904541221424108 0.03965689511054498 0.039085771855857133 0.0381271937552874 0.039085771855857133 0.03965689511054498 0.03965689511054498 0.039085771855857133 0.03330257556425301 0.039085771855857133
0.04016963043670548 0.04016963043670548 0.023450680126183777 0.03687469959771356 0.03478596920418534 0.030876697381453964 0.04016963043670548 0.038620151135617044 0.039591122966297916 0.03955024150334537 0.039591122966297916 0.03955024150334537 0.03373315407768236 0.037484996558653616 0.03373315407768236 0.037484996558653616 0.02960375431359276 0.03482660652645753 0.035247101671031046 0.039591122966297916 0.04016963043670548 0.03373315407768236 0.039591122966297916 0.035247101671031046 0.024262370386378053 0.022750551547654013 0.03955024150334537 0.039591122966297916
0.040103080062552345 0.040103080062552345 0.03952553102487587 0.038556167835796164 0.027189072972444713 0.024998947259863475 0.03430314873787647 0.03567899601309158 0.03567899601309158 0.039484717291614284 0.03420310036744014 0.03553754495737821 0.03952553102487587 0.040103080062552345 0.023743697879102823 0.03567899601309158 0.040103080062552345 0.03367726722981174 0.03952553102487587 0.032234163713743075 0.040103080062552345 0.03681360804600315 0.03691947867757532 0.03952553102487587 0.03742289390749684 0.03367726722981174 0.039484717291614284 0.026099694150887483
0.041191156128391304 0.041191156128391304 0.04055601594958297 0.037812434214705246 0.03408770019202132 0.04059793704034054 0.037812434214705246 0.03813144514074503 0.0370510730593285 0.0391410279435496 0.03513109828753134 0.033108740479032714 0.03615009701471269 0.02391984723785994 0.03262860854247642 0.028845404890941995 0.041191156128391304 0.03960227310619343 0.036647037907989816 0.04055601594958297 0.03865430866360121 0.027153592949468872 0.03843825120952115 0.036647037907989816 0.028155552341566335 0.03552865311880619 0.02391984723785994 0.03615009701471269
0.04215198825800398 0.04215198825800398 0.028185281201598456 0.04215198825800398 0.03699334051562551 0.03635740071044961 0.036495737164275927 0.025783753718402302 0.038146057262138704 0.04215198825800398 0.03635740071044961 0.0400540384236878 0.03750187313930444 0.03750187313930444 0.03869445368459123 0.028812313691804866 0.03933486859634839 0.03635740071044961 0.025071055236253647 0.036950732416065196 0.02840279613396299 0.028041713088781405 0.04215198825800398 0.03812071829523934 0.03818229582237473 0.024072331183227776 0.03426665802116195 0.039555965844482184
0.043145668817205274 0.043145668817205274 0.042524301593879356 0.03960662717780698 0.03960662717780698 0.03968221669760154 0.03275579159539583 0.037214481094130086 0.038385933033325784 0.038385933033325784 0.043145668817205274 0.0379386634989098 0.026473248282439753 0.03960662717780698 0.03612790093680723 0.026116463808521118 0.03335323920396221 0.031226482516708842 0.030780661951224357 0.032173398412512155 0.03467974405016859 0.032895938122026375 0.023967673044406772 0.043145668817205274 0.040998262431711015 0.03960662717780698 0.02867067634047701 0.02463980637241737
0.04203222050804799 0.04203222050804799 0.04203222050804799 0.04203222050804799 0.03858450993472079 0.02579006050609848 0.03858450993472079 0.037395317905479224 0.025058416639690332 0.0392231052157514 0.03490344422464562 0.03858450993472079 0.03858450993472079 0.037395317905479224 0.03562421261318753 0.03002146305470664 0.0367324743317662 0.02413398194569224 0.03625409730158818 0.03858450993472079 0.0392231052157514 0.036392040695763066 0.03891003460671558 0.0392231052157514 0.02437013580686264 0.02579006050609848 0.03625409730158818 0.03625409730158818
0.04013335432679986 0.04013335432679986 0.03401483743036029 0.03684139905098708 0.04013335432679986 0.03745114486920091 0.0327617189844226 0.03592891903272457 0.028348106273927556 0.03555970828850531 0.04013335432679986 0.03461626616952882 0.04013335432679986 0.035705930486745516 0.027111388351771466 0.04013335432679986 0.03684139905098708 0.03684139905098708 0.04013335432679986 0.04013335432679986 0.034166766677975136 0.024925439555728058 0.035705930486745516 0.03684139905098708 0.035705930486745516 0.03461626616952882 0.03145588226379806 0.03349333365394466
0.04035206434023436 0.04035206434023436 0.03435296128155362 0.03435296128155362 0.0378668941789139 0.026126174777880123 0.0317998449672013 0.03500340560062652 0.04035206434023436 0.04035206434023436 0.03435296128155362 0.03704216928354166 0.04035206434023436 0.03420020408301505 0.0359005128900218 0.04035206434023436 0.033508247007293074 0.032207125064154504 0.031627303679922135 0.031627303679922135 0.03119367693697251 0.029776946870229068 0.03704216928354166 0.037655237961714 0.04035206434023436 0.0359005128900218 0.03834369865701335 0.037655237961714
0.040362513656596696 0.040362513656596696 0.037051761490332555 0.02388055257244954 0.037190994413082254 0.03022284082768842 0.037051761490332555 0.034230582454969447 0.037051761490332555 0.03368457881701528 0.040362513656596696 0.03436185710798241 0.03501246986201836 0.031201754655031014 0.040362513656596696 0.03501246986201836 0.03605695578996825 0.040362513656596696 0.0337107114709978 0.037664988924907446 0.037190994413082254 0.037051761490332555 0.040362513656596696 0.040362513656596696 0.033516924091835126 0.03163549368723013 0.029792544716175196 0.034888644776041665
0.03969093950814208 0.03969093950814208 0.036435273493987286 0.036572189781248717 0.03125595904533934 0.03188628766448717 0.03969093950814208 0.036572189781248717 0.036435273493987286 0.02929683964145442 0.033851594080990345 0.03420927009712044 0.03969093950814208 0.03969093950814208 0.033391898050330104 0.037246486165960546 0.03969093950814208 0.03379012524997804 0.031109124593503703 0.02929683964145442 0.03969093950814208 0.03969093950814208 0.03573394607317292 0.03295925070342083 0.036435273493987286 0.036435273493987286 0.036435273493987286 0.033124115895217236
0.03998454338454482 0.03998454338454482 0.03090956929225119 0.037312279323322664 0.03167089938065933 0.037312279323322664 0.03475276095063109 0.03320305858224086 0.03998454338454482 0.03684272348040967 0.03363890633054506 0.03363890633054506 0.03670479438888659 0.03998454338454482 0.03684272348040967 0.034040079317089314 0.03670479438888659 0.03684272348040967 0.03336914332338518 0.037312279323322664 0.03998454338454482 0.03670479438888659 0.028077043627293477 0.03998454338454482 0.036977692717369885 0.03684272348040967 0.023687770393567613 0.03670479438888659
0.04036413748796518 0.04036413748796518 0.03436323952588447 0.03078422550643185 0.03705325212624976 0.03766650423168516 0.03120300993829685 0.037192490650503604 0.037192490650503604 0.04036413748796518 0.034947792820751514 0.033459010497065615 0.033958257995156546 0.04036413748796518 0.04036413748796518 0.03508268701750061 0.037192490650503604 0.03436323952588447 0.03705325212624976 0.037192490650503604 0.028961635836030165 0.029184409733224673 0.03705325212624976 0.03766650423168516 0.028343593631376215 0.03705325212624976 0.033545726730502164 0.03766650423168516
0.039467256573936384 0.039467256573936384 0.039467256573936384 0.03636608292608297 0.03622993824658025 0.03411480034687871 0.03359969704503363 0.03622993824658025 0.03682956404551977 0.03636608292608297 0.02771380615801453 0.03622993824658025 0.03359969704503363 0.03622993824658025 0.03277350498921193 0.03622993824658025 0.034171261713708545 0.03359969704503363 0.039467256573936384 0.03636608292608297 0.03497410679311745 0.030509686958653026 0.03622993824658025 0.039467256573936384 0.028535939538990262 0.03682956404551977 0.039467256573936384 0.039467256573936384
0.03880134583831346 0.03880134583831346 0.03880134583831346 0.035618649119246136 0.035752496699544375 0.035618649119246136 0.03880134583831346 0.03303278662565724 0.03880134583831346 0.03880134583831346 0.03222053448376464 0.03353919885423224 0.03309287775476483 0.03530440392747259 0.035618649119246136 0.029070206756447003 0.031143590062393152 0.03303278662565724 0.035752496699544375 0.03303278662565724 0.035618649119246136 0.03880134583831346 0.03880134583831346 0.03303278662565724 0.035752496699544375 0.03880134583831346 0.03880134583831346 0.035752496699544375
0.03998369197923387 0.03998369197923387 0.036704012820454525 0.0362668503346627 0.034561198000862534 0.03403935448939685 0.03684193897500369 0.036704012820454525 0.03403935448939685 0.03403935448939685 0.03600058178670983 0.036704012820454525 0.029956027751354464 0.03998369197923387 0.03209259074082627 0.036704012820454525 0.03684193897500369 0.03998369197923387 0.03410127670227405 0.03998369197923387 0.03684193897500369 0.036704012820454525 0.026875697572167186 0.036704012820454525 0.034561198000862534 0.03403935448939685 0.03684193897500369 0.031916868433781755
0.03950073229194968 0.03950073229194968 0.03950073229194968 0.03626066810473773 0.03950073229194968 0.03950073229194968 0.035828786068223574 0.03950073229194968 0.030395952538383106 0.03950073229194968 0.03626066810473773 0.03639692826074668 0.03626066810473773 0.033628195959862044 0.033628195959862044 0.03950073229194968 0.03626066810473773 0.03254047688245798 0.03099440397978277 0.0295309091386364 0.03626066810473773 0.03639692826074668 0.032155529383192036 0.030816632184292873 0.03626066810473773 0.033628195959862044 0.03686080250006578 0.033628195959862044
0.03872322499049153 0.03872322499049153 0.03554693616683818 0.03872322499049153 0.03872322499049153 0.03189997082342986 0.03554693616683818 0.03554693616683818 0.031999614795921894 0.031722834460446686 0.03554693616683818 0.035680514264564984 0.03872322499049153 0.03554693616683818 0.03872322499049153 0.03554693616683818 0.03872322499049153 0.03554693616683818 0.03872322499049153 0.03554693616683818 0.032966279930042336 0.03872322499049153 0.035680514264564984 0.03554693616683818 0.03554693616683818 0.035680514264564984 0.02839358248605048 0.031997788127608236
0.0387913332866584 0.0387913332866584 0.035609457851353624 0.03574327089275166 0.035609457851353624 0.035609457851353624 0.035609457851353624 0.0387913332866584 0.035609457851353624 0.0387913332866584 0.035609457851353624 0.0387913332866584 0.035609457851353624 0.03351874388208149 0.035609457851353624 0.0387913332866584 0.03574327089275166 0.033024262630541756 0.028109281894693035 0.0387913332866584 0.035609457851353624 0.035609457851353624 0.035609457851353624 0.0387913332866584 0.035609457851353624 0.035609457851353624 0.03574327089275166 0.02486428055356444
0.03835378120210715 0.03835378120210715 0.03835378120210715 0.032651760998592655 0.03161482462268931 0.03520779616064915 0.03534009983976848 0.03534009983976848 0.03835378120210715 0.03835378120210715 0.03835378120210715 0.03835378120210715 0.03520779616064915 0.03520779616064915 0.03835378120210715 0.03534009983976848 0.027792219451972307 0.03534009983976848 0.03520779616064915 0.03591353110192652 0.03835378120210715 0.03534009983976848 0.03520779616064915 0.03520779616064915 0.03534009983976848 0.03520779616064915 0.03314066468205078 0.03520779616064915
0.0390625853081944 0.0390625853081944 0.036577237717318564 0.0390625853081944 0.0366092379080961 0.0390625853081944 0.036577237717318564 0.035858460311686755 0.03539612067824836 0.036489426080101944 0.03599320905327635 0.03599320905327635 0.03599320905327635 0.0390625853081944 0.02557137849001078 0.03076288764103156 0.035858460311686755 0.035858460311686755 0.029111005913692523 0.02961657572151332 0.0390625853081944 0.0390625853081944 0.0390625853081944 0.0390625853081944 0.035858460311686755 0.0390625853081944 0.030486683003116744 0.03076288764103156
0.03982979452523304 0.03982979452523304 0.03982979452523304 0.03982979452523304 0.03982979452523304 0.02539397100332497 0.031367086537615406 0.031791887454116784 0.027845293934646166 0.02896347120393163 0.03982979452523304 0.03338796740429384 0.03656273886987448 0.029239954832356634 0.03670013414588356 0.037206097129706836 0.031085457098901436 0.034416055558120835 0.03609131864882578 0.03982979452523304 0.031367086537615406 0.03982979452523304 0.03982979452523304 0.03656273886987448 0.03732826212347387 0.03982979452523304 0.03656273886987448 0.03982979452523304
0.03991585804008436 0.03991585804008436 0.027905461552798588 0.03991585804008436 0.03991585804008436 0.03991585804008436 0.03991585804008436 0.03991585804008436 0.033460111533150295 0.03664174298870665 0.03991585804008436 0.03664174298870665 0.03664174298870665 0.03397654336855224 0.03462361966782654 0.02484752272931371 0.03143486398287344 0.02924403643021488 0.03991585804008436 0.03664174298870665 0.03991585804008436 0.03677943514599564 0.025448841846286364 0.03991585804008436 0.031152626004254346 0.03143486398287344 0.03664174298870665 0.03740892037139936
0.0386649289891675 0.0386649289891675 0.0386649289891675 0.028327553194406944 0.03549342191955232 0.03623655661539478 0.03623655661539478 0.03020511333599816 0.0386649289891675 0.0386649289891675 0.0270309281154719 0.0386649289891675 0.03044972207440419 0.0270309281154719 0.0386649289891675 0.0386649289891675 0.0386649289891675 0.03549342191955232 0.03549342191955232 0.03241150008850334 0.03241150008850334 0.0386649289891675 0.03549342191955232 0.03954845529951171 0.03549342191955232 0.0386649289891675 0.0386649289891675 0.0386649289891675
0.04189408519996034 0.04189408519996034 0.03759854666066373 0.02615637966172772 0.030269530645319155 0.028634139991747413 0.026236795541836555 0.03199658702190548 0.03759854666066373 0.04095815669803415 0.03000766826530253 0.04095815669803415 0.03000766826530253 0.028634139991747413 0.028576195654918434 0.04095815669803415 0.03759854666066373 0.04095815669803415 0.03433383518731377 0.03433383518731377 0.04095815669803415 0.026113372060722027 0.04095815669803415 0.04095815669803415 0.03759854666066373 0.04189408519996034 0.04095815669803415 0.04095815669803415
